806
807
806
806
806
807
804
802
802
799
798
796
796
796
798
799
788
799
797
797
797
803
803
804
803
804
806
807
806
808
808
808
807
806
806
806
807
808
807
807
806
808
807
807
808
807
806
807
808
807
807
808
806
808
809
807
807
806
806
807
808
807
806
808
808
808
808
809
807
807
806
806
806
807
807
806
809
807
808
808
807
807
807
808
808
809
808
807
809
808
807
808
807
806
805
807
806
808
807
806
809
809
809
808
807
808
807
808
808
807
805
807
808
807
809
808
807
806
806
808
808
808
807
809
806
808
808
808
806
805
807
807
808
807
808
806
809
808
808
808
807
806
807
807
808
807
808
807
808
808
809
808
808
807
807
808
807
808
808
807
808
808
807
807
807
806
805
807
809
808
807
809
809
808
808
808
807
806
807
807
806
807
807
808
802
796
796
790
799
799
802
805
805
807
805
805
805
806
807
806
805
805
805
804
804
806
806
806
806
805
807
805
806
805
806
804
804
805
804
805
805
808
806
807
806
805
805
805
807
807
808
807
808
807
807
807
807
806
805
805
807
808
807
809
809
809
809
808
807
807
806
807
807
807
806
808
808
809
808
807
808
807
807
808
808
808
807
808
806
807
807
806
806
806
807
808
807
807
808
809
808
809
809
807
807
807
808
807
808
807
808
809
808
807
808
807
807
806
807
808
808
808
808
808
808
808
807
806
805
805
807
808
807
807
808
809
808
809
808
807
806
807
807
808
808
808
808
807
808
808
807
805
806
807
807
807
807
805
807
807
808
807
807
808
806
806
806
806
805
807
805
805
802
802
798
797
799
798
796
798
798
787
784
799
798
794
802
802
805
804
806
805
805
807
806
807
806
804
804
805
806
806
807
806
807
807
806
807
806
804
805
805
806
807
807
807
807
807
807
807
807
807
807
807
808
808
807
808
808
808
807
807
807
805
807
806
807
808
806
810
809
809
809
808
808
807
807
807
808
808
807
808
808
808
808
807
807
805
805
806
807
808
807
807
809
809
808
808
806
807
805
807
807
807
807
808
808
809
807
807
806
807
807
807
808
808
808
809
808
807
807
807
806
805
805
807
807
806
808
809
809
808
808
808
806
807
808
807
807
806
807
808
808
808
808
808
806
805
807
807
807
806
809
809

